123236570488412
52777900353591
52781121579063
52783537498167
52854404458551
52878563649591
52845277653047
56160992488921
52850914877020
52876953116252
56160992492831
52848767397337
52874537201113
52876684684761
52882053432338
52785953500633
52777363562076
56160992498373
53982370337477
52887422099969
70374112929847
70380823816247
53976733186799
53945057794941
53967874726009
53968411686163
53967874849782
53877143539161
105567343388727
17592186178990
105569490872375
105585328564279
17592454614446
105753637595191
106770471185881
106766176135223
106746899114039
105776454608951
105636599815772
105644451473463
105644451552860
105703440164919
105713691043895
88033407929774
53876069800057
50374711
106723494897719
88040655728821
106739869539932
106654507064924
105867772995639
105702098067036
105582912724572
105622104221751
105631231106652
105692971261532
105794976738777
105753637678553
105733773450844
105867773079001
105867773075036
105800613879388
105823967684663
105825309861943
105713691123292
105713691127257
105761690658871
105765499170265
105644451546694
105661027446233
88039045074350
87963883146670
105880876084697
106775571455574
106771008066245
106737453614662
105867773068870
105713691117126
105684649756230
88032334187950
105575128096348
53876069882749
50454108
105867773082911
105867773017511
105585328647641
87963077840302
122460
105786655174630
105867773118895
105867773069145
105867773088320
105867773111889
105559827275356
105566001290844
105585328637510
105735434403103
105753637682463
105867773075969
105754711451783
105626936139358
105644451566150
105652705859859
105652705950449
105713691065767
105713691131167
50447942
105832289295702
105652705966025
105753637675521
105753637717848
126425
105833379676352
105787191996791
105644451446371
105644451488964
105644451566265
105652705866158
105652705883809
105652705944065
105660222143215
105661295767927
105666664503417
105691377425990
105713691016803
105713691124225
105713691136576
105739158974033
105760633817586
105644451446976
105661832642977
105769743807763
105652705986784
105714731354543
105713691123286
105644451560174
105652705983480
105684918115891
105710956331425
116294
105661295877718
105845442654377
105781554963663
135877
105834168369070
64935
50396583
130335
129780
105713691110251
50461983
16680
50347619
135750
16842170
16936529
165758
164882
135744
129775
123393
50461425
16900609
154778
16922569
50490961
166297
166296
50454110
50348145
50437649
64954
16905491
16913074
16793713
39033
40499
145352
146996
159313
135858
16793187
166319
16883217
16793811
16931982
145353
63775
146433
165720
172073
12663
58442
58564
16883220
164880
162860
16835780
135747
144900
15971
166851
122462
106004
115412
106001
111774
16793792
128275
16793815
16789879
115414
16794017
16047
166368
129760
16943584
